,status,duration,credit_history,purpose,amount,savings,employment_duration,installment_rate,personal_status_sex,other_debtors,present_residence,property,age,other_installment_plans,housing,number_credits,job,people_liable,telephone,foreign_worker,credit_risk
13,2,48,3,10,7582.0,2,1,2,3,1,4,4,31,3,2,1,4,2,2,2,1
62,4,48,4,3,3578.0,5,5,4,3,1,1,1,47,3,2,1,3,2,2,2,1
152,4,48,4,1,8858.0,5,4,2,3,1,1,4,35,3,3,2,3,2,2,2,1
158,2,48,1,9,6416.0,1,5,4,2,1,3,4,59,3,1,1,3,2,1,2,0
179,4,48,3,3,12749.0,3,4,4,3,1,1,3,37,3,2,1,4,2,2,2,1
192,2,48,2,0,8487.0,5,4,1,2,1,2,3,24,3,2,1,3,2,1,2,1
199,4,48,1,9,3609.0,1,3,1,2,1,1,1,27,2,2,1,3,2,1,2,1
208,2,48,1,0,12169.0,5,1,4,3,2,4,4,36,3,3,1,4,2,2,2,1
218,1,47,2,0,10722.0,1,2,1,2,1,1,1,35,3,2,1,2,2,2,2,1
229,2,48,1,9,3566.0,2,4,4,3,1,2,3,30,3,2,1,3,2,1,2,1
241,4,60,2,0,10366.0,1,5,2,3,1,4,2,42,3,2,1,4,2,2,2,1
309,4,54,0,1,9436.0,5,3,2,3,1,2,2,39,3,2,1,2,1,1,2,1
311,4,48,4,1,2751.0,5,5,4,3,1,3,3,38,3,2,2,3,1,2,2,1
352,4,48,4,9,7629.0,5,5,4,1,1,2,3,46,1,2,2,4,1,1,2,1
382,4,60,4,0,13756.0,5,5,2,3,1,4,4,63,1,3,1,4,2,2,2,1
405,2,48,2,10,5381.0,5,1,3,3,1,4,4,40,1,3,1,1,2,2,2,1
455,2,60,3,3,7418.0,5,3,1,3,1,1,1,27,3,2,1,2,2,1,2,1
541,2,48,2,3,3979.0,5,4,4,3,1,1,3,41,3,2,2,3,1,2,2,1
556,2,48,0,0,8358.0,3,2,1,2,1,1,3,30,3,2,2,3,2,1,2,1
562,2,60,2,0,7408.0,2,2,4,2,1,2,2,24,3,2,1,4,2,1,2,0
569,4,48,2,3,10222.0,5,4,4,3,1,3,3,37,2,2,1,3,2,2,2,1
575,2,48,0,9,12204.0,5,3,2,3,1,2,3,48,1,2,1,4,2,2,2,1
608,1,48,2,1,4788.0,1,4,4,3,1,3,2,26,3,2,1,3,1,1,2,1
643,1,48,4,1,6143.0,1,5,4,2,1,4,4,58,2,3,2,2,2,1,2,0
647,4,48,3,3,7238.0,5,5,3,3,1,3,3,32,1,2,2,3,1,1,2,1
654,2,48,3,9,6681.0,5,3,4,3,1,4,4,38,3,3,1,3,1,2,2,1
690,4,60,2,3,10144.0,2,4,2,2,1,4,1,21,3,2,1,3,2,2,2,1
695,4,60,3,3,15653.0,1,4,2,3,1,4,3,21,3,2,2,3,2,2,2,1
698,2,45,4,1,4576.0,2,1,3,3,1,4,3,27,3,2,1,3,2,1,2,1
708,1,48,1,9,7685.0,1,4,2,2,3,4,3,37,3,1,1,3,2,1,2,0
709,4,48,4,6,6110.0,1,3,1,3,1,3,4,31,1,3,1,3,2,2,2,1
716,1,48,2,6,7476.0,1,4,4,3,1,1,4,50,3,3,1,4,2,2,2,1
719,2,72,2,3,5595.0,2,3,2,4,1,2,3,24,3,2,1,3,2,1,2,0
720,2,48,3,6,6224.0,1,5,4,3,1,4,4,50,3,3,1,3,2,1,2,0
729,2,60,3,3,9157.0,5,3,2,3,1,2,4,27,3,3,1,4,2,1,2,1
731,4,60,2,0,6527.0,5,3,4,3,1,4,4,34,3,3,1,3,1,2,2,1
760,2,48,2,3,3060.0,1,4,4,3,1,4,1,28,3,2,2,3,2,1,2,0
763,2,60,2,6,6288.0,1,3,4,3,1,4,4,42,3,3,1,3,2,1,2,0
807,1,60,3,9,6836.0,1,5,3,3,1,4,4,63,3,2,2,3,2,2,2,0
810,2,48,2,9,15672.0,1,3,2,3,1,2,3,23,3,2,1,3,2,2,2,0
811,1,60,2,9,7297.0,1,5,4,3,2,4,4,36,3,1,1,3,2,1,2,0
820,2,48,2,3,10961.0,4,4,1,3,2,2,4,27,1,2,2,3,2,2,2,0
826,2,48,0,9,3844.0,2,4,4,3,1,4,4,34,3,3,1,2,1,1,2,0
829,2,48,2,3,5951.0,1,3,2,2,1,2,1,22,3,2,1,3,2,1,2,0
847,2,60,1,10,14782.0,2,5,3,2,1,4,4,60,1,3,2,4,2,2,2,0
850,2,45,2,3,3031.0,2,3,4,3,3,4,2,21,3,1,1,3,2,1,2,0
855,1,48,2,0,3931.0,1,4,4,3,1,4,4,46,3,3,1,3,1,1,2,0
860,4,48,2,9,3914.0,5,3,4,1,1,2,1,38,1,2,1,3,2,1,2,0
861,1,48,2,9,4308.0,1,2,3,2,1,4,2,24,3,1,1,3,2,1,2,0
870,1,48,2,4,3051.0,1,3,3,3,1,4,3,54,3,2,1,3,2,1,2,0
877,1,48,2,3,6758.0,1,3,3,2,1,2,3,31,3,2,1,3,2,2,2,0
882,1,48,2,0,7763.0,1,5,4,3,1,4,4,42,1,3,1,4,2,1,2,0
885,2,48,2,0,6560.0,2,4,3,3,1,2,2,24,3,2,1,3,2,1,2,0
890,2,60,2,0,14027.0,1,4,4,3,1,2,4,27,3,2,1,4,2,2,2,0
909,1,48,0,2,7119.0,1,3,3,3,1,4,4,53,3,3,2,3,1,1,2,0
918,1,48,0,1,4605.0,1,5,3,3,1,4,4,24,3,3,2,3,1,1,2,0
919,1,48,4,1,6331.0,1,5,4,3,1,4,4,46,3,3,2,3,2,2,2,0
928,1,48,2,1,10297.0,1,4,4,3,1,4,4,39,3,3,3,3,1,2,2,0
929,2,48,0,9,14421.0,1,3,2,3,1,2,3,25,2,2,1,3,2,2,2,0
940,4,48,4,0,10127.0,3,3,2,3,1,2,4,44,3,3,1,3,2,1,2,0
950,2,45,4,3,4746.0,1,2,4,3,1,2,2,24,1,2,2,2,2,1,2,0
953,4,48,4,1,11590.0,2,3,2,2,1,4,3,24,3,1,2,2,2,1,2,0
962,2,54,0,9,15945.0,1,2,3,3,1,4,4,58,3,1,1,3,2,2,2,0
965,2,48,2,2,9960.0,1,2,1,2,1,2,3,26,1,2,1,3,2,2,2,0
968,1,45,2,3,1845.0,1,3,4,3,1,4,4,23,3,3,1,3,2,2,2,0
970,4,48,2,9,4844.0,1,1,3,3,1,2,3,33,3,1,1,4,2,2,2,0
973,1,45,0,9,11816.0,1,5,2,3,1,4,3,29,3,1,2,3,2,1,2,0
976,2,48,0,10,18424.0,1,3,1,2,1,2,2,32,1,2,1,4,2,2,1,0
982,2,48,4,2,5096.0,1,3,2,2,1,3,3,30,3,2,1,4,2,2,2,0
984,1,48,2,3,6999.0,1,4,1,4,3,1,1,34,3,2,2,3,2,2,2,0
63,4,36,3,0,10875.0,1,5,2,3,1,2,3,45,3,2,2,3,1,2,2,1
182,1,30,0,9,8072.0,5,2,2,3,1,3,3,25,1,2,3,3,2,1,2,1
223,4,27,3,1,8613.0,4,3,2,3,1,2,3,27,3,2,2,3,2,1,2,1
232,4,39,2,1,8588.0,2,5,4,3,1,2,3,45,3,2,1,4,2,2,2,1
295,4,36,2,1,8133.0,1,3,1,2,1,2,2,30,1,2,1,3,2,1,2,1
355,4,36,4,1,10477.0,5,5,2,3,1,4,4,42,3,3,2,3,2,1,2,1
426,2,39,3,6,11760.0,2,4,2,3,1,3,4,32,3,1,1,3,2,2,2,1
442,1,39,4,2,14179.0,5,4,4,3,1,4,2,30,3,2,2,4,2,2,2,1
521,4,36,2,2,10974.0,1,1,4,2,1,2,3,26,3,2,2,4,2,2,2,0
525,4,36,4,3,9566.0,1,3,2,2,1,2,3,31,2,2,2,3,2,1,2,1
566,2,36,3,9,9857.0,2,4,1,3,1,3,2,31,3,2,2,2,1,2,2,1
571,4,36,2,6,9055.0,5,3,2,3,1,4,4,35,3,3,1,2,1,2,2,1
572,2,26,2,1,7966.0,1,2,2,3,1,3,3,30,3,2,2,3,2,1,2,1
600,1,36,2,1,8229.0,1,3,2,3,1,2,2,26,3,2,1,3,1,1,2,0
616,1,30,4,1,10623.0,1,5,3,3,1,4,4,38,3,3,3,4,1,2,2,1
620,4,24,2,1,9277.0,5,3,2,1,1,4,4,48,3,3,1,3,2,2,2,1
645,1,36,2,10,15857.0,1,1,2,1,2,3,3,43,3,2,1,4,2,1,2,1
700,1,36,2,1,8335.0,5,5,3,3,1,4,4,47,3,3,1,3,2,1,2,0
702,1,18,3,6,8471.0,5,3,1,2,1,2,3,23,3,1,2,3,2,2,2,1
723,4,36,3,1,8947.0,5,4,3,3,1,2,3,31,2,2,1,4,1,2,2,1
728,4,36,4,1,11054.0,5,3,4,3,1,2,3,30,3,2,1,4,2,2,2,1
730,2,42,1,1,9283.0,1,1,1,3,1,2,4,55,1,3,1,4,2,2,2,1
754,2,6,2,0,14555.0,5,1,1,3,1,2,2,23,3,2,1,1,2,2,2,0
773,1,36,2,0,9271.0,1,4,2,3,1,1,3,24,3,2,1,3,2,2,2,0
780,2,30,4,2,8386.0,1,4,2,3,1,2,2,49,3,2,1,3,2,1,2,0
782,2,36,2,0,14318.0,1,5,4,3,1,2,4,57,3,3,1,4,2,2,2,0
832,4,36,3,9,7980.0,5,2,4,3,1,4,3,27,3,1,2,3,2,2,2,0
835,2,24,2,1,11560.0,1,3,1,2,1,4,3,23,3,1,2,4,2,1,2,0
843,2,24,2,10,11328.0,1,3,2,3,2,3,3,29,1,2,2,4,2,2,2,0
844,2,24,4,10,11938.0,1,3,2,3,2,3,3,39,3,2,2,4,1,2,2,0
849,2,36,2,6,12612.0,2,3,1,3,1,4,4,47,3,3,1,3,1,2,2,0
867,2,36,2,1,9398.0,1,2,1,4,1,4,3,28,3,1,1,4,2,2,2,0
873,4,36,3,9,9572.0,1,2,1,1,1,1,3,28,3,2,2,3,2,1,2,0
887,1,36,4,6,8065.0,1,3,3,2,1,2,4,25,3,2,2,4,2,2,2,0
889,2,36,2,2,9034.0,2,2,4,3,2,1,4,29,3,1,1,4,2,2,2,0
891,1,36,4,1,9629.0,1,4,4,3,1,4,3,24,3,2,2,3,2,2,2,0
895,2,18,2,1,12976.0,1,1,3,2,1,4,4,38,3,3,1,4,2,2,2,0
939,2,36,3,0,8086.0,2,5,2,3,1,4,3,42,2,2,4,4,2,2,2,0
943,2,36,2,0,12389.0,5,3,1,3,1,4,4,37,1,3,1,3,2,2,2,0
966,4,24,3,9,8648.0,1,2,2,3,1,2,3,27,1,2,2,3,2,2,2,0
971,2,27,0,9,8318.0,1,5,2,2,1,4,4,42,2,3,2,4,2,2,2,0
975,1,30,2,5,11998.0,1,2,1,1,1,1,4,34,1,2,1,2,2,2,2,0
977,1,6,2,0,14896.0,1,5,1,3,1,4,4,68,1,2,1,4,2,2,2,0
986,1,14,2,0,8978.0,1,5,1,1,1,4,2,45,3,2,1,4,2,2,1,0
991,2,24,2,1,12579.0,1,5,4,2,1,2,4,44,3,3,1,4,2,2,2,0
997,4,21,4,0,12680.0,5,5,4,3,1,4,4,30,3,3,1,4,2,2,2,0
8,4,18,4,3,1098.0,1,1,4,2,1,4,3,65,3,2,2,1,2,1,2,1
167,4,24,4,9,4526.0,1,3,3,3,1,2,1,74,3,2,1,4,2,2,2,1
213,3,6,4,0,1299.0,1,3,1,3,1,1,1,74,3,2,3,1,1,1,1,1
259,4,5,2,9,3448.0,1,4,1,3,1,4,1,74,3,2,1,2,2,1,2,1
310,4,12,4,3,930.0,5,5,4,3,1,4,1,65,3,2,4,3,2,1,2,1
391,3,12,4,0,1480.0,3,1,2,3,1,4,4,66,1,3,3,1,2,1,2,1
422,2,16,4,0,1175.0,1,1,2,3,1,3,3,68,3,3,3,1,2,2,2,1
449,2,9,2,3,790.0,3,3,4,2,1,3,1,66,3,2,1,2,2,1,2,1
450,2,12,2,3,766.0,3,3,4,3,1,3,1,66,3,2,1,2,2,1,2,0
452,2,10,2,0,7308.0,1,1,2,3,1,4,4,70,1,3,1,4,2,2,2,1
479,2,18,2,5,3872.0,1,1,2,2,1,4,3,67,3,2,1,3,2,2,2,1
597,1,21,4,0,571.0,1,5,4,3,1,4,1,65,3,2,2,3,2,1,2,1
602,1,6,2,0,1374.0,5,1,4,2,1,3,2,75,3,2,1,4,2,2,2,1
622,1,12,4,1,1526.0,1,5,4,3,1,4,4,66,3,3,2,4,2,1,2,1
624,1,24,4,1,6615.0,1,1,2,3,1,4,4,75,3,3,2,4,2,2,2,1
704,1,6,4,3,1169.0,5,5,4,3,1,4,1,67,3,2,2,3,2,2,2,1
711,1,42,4,5,3394.0,1,1,4,3,2,4,3,65,3,2,2,1,2,1,2,1
748,2,9,2,6,1199.0,1,4,4,2,1,4,2,67,3,2,2,4,2,2,2,1
761,1,18,2,3,2600.0,1,3,4,3,1,4,4,65,3,3,2,3,2,1,2,0
794,3,30,3,9,1908.0,1,5,4,3,1,4,1,66,3,2,1,4,2,2,2,0
814,2,9,1,1,5129.0,1,5,2,2,1,4,4,74,1,3,1,4,1,2,2,0
960,4,18,2,0,6761.0,5,3,2,3,1,4,3,68,2,1,2,3,2,1,2,0
